18
-18
2387
-2387
2147483647
-2147483648
-18
+2387
-2387
+0
-18
+2387
-2387
+0
-18
2387
-2387
  0
-18
2387
-2387
0  
2147483647
-2147483648
2147483647     
-2147483648    
-018
2387
-2387
000
1
5
-5

5
-5
05
 5
005
 05
    5
05
0000005
    005
00
 0
000
 00
     $
00
0000000
    000
-05
-5
-005
-05
   -5
-05
-0000005
   -005
-000346
   -346
 -346
  -346
    -346
-00000346
-0000346
   -346
000346
    346
  346
   346
     346
00000346
0000346
    346
 -2356
 -3455
-3455 
-455  
+455  
 455  $
-455  $
-18
-2387
 +1
  1
  1
10        
-18
 2387
-2387
 2147483647
  0
  1
  4
  0
  1
  4
 -1
 -4
   
  1
  4
   
  1
  4
 -1
 -4
0000
0004
0100
1000
-0004
-0100
-1000

H
He

Hello
 He
H
 Hel
He
Hello world
He
Hello w
Hel
(null)
(null)
Hello world
Hello world
Hello world
(null)
Yo man

abcdefghijklmnopqrtuvwxyz
